[gd_scene load_steps=10 format=3 uid="uid://ehqkod5xfkoq"]

[ext_resource type="Texture2D" uid="uid://djub3kc76kff3" path="res://Textures/Panos/XylarisPano.png" id="1_hqy7a"]
[ext_resource type="Script" path="res://Scenes/arcturus.gd" id="1_ygrq6"]
[ext_resource type="PackedScene" uid="uid://b32exqxeaafdd" path="res://Scenes/purple_sun.tscn" id="2_4depj"]
[ext_resource type="PackedScene" uid="uid://ojurelpgurkt" path="res://Scenes/red_sun.tscn" id="3_e6g73"]
[ext_resource type="PackedScene" uid="uid://141rfftvrpf6" path="res://Scenes/player.tscn" id="3_isfg4"]
[ext_resource type="PackedScene" uid="uid://bxnf82fop7b8" path="res://Scenes/arcturus_planet.tscn" id="5_p5xwx"]

[sub_resource type="PanoramaSkyMaterial" id="PanoramaSkyMaterial_rnuxu"]
panorama = ExtResource("1_hqy7a")

[sub_resource type="Sky" id="Sky_l6kja"]
sky_material = SubResource("PanoramaSkyMaterial_rnuxu")

[sub_resource type="Environment" id="Environment_31xot"]
background_mode = 2
background_energy_multiplier = 0.8
sky = SubResource("Sky_l6kja")
glow_enabled = true
glow_bloom = 0.2
glow_blend_mode = 1
adjustment_enabled = true
adjustment_brightness = 1.05
adjustment_contrast = 1.05
adjustment_saturation = 1.3

[node name="Arcturus" type="Node3D"]
script = ExtResource("1_ygrq6")

[node name="WorldEnvironment" type="WorldEnvironment" parent="."]
environment = SubResource("Environment_31xot")

[node name="PurpleSun" parent="." instance=ExtResource("2_4depj")]
transform = Transform3D(1, 0, 0, 0, 1, 0, 0, 0, 1, -10405.3, 15862, 57100.9)

[node name="RedSun" parent="." instance=ExtResource("3_e6g73")]
transform = Transform3D(1, 0, 0, 0, 1, 0, 0, 0, 1, -6800.95, 10696.4, 49822.7)

[node name="DirectionalLight3D" type="DirectionalLight3D" parent="."]
transform = Transform3D(0.0978317, 0.963922, -0.247555, -0.645608, 0.250775, 0.72132, 0.757377, 0.0892554, 0.646849, 0, 5.97089, 7.14699)
light_color = Color(1, 0.862745, 1, 1)
light_energy = 3.0
light_volumetric_fog_energy = 0.0
light_bake_mode = 1
shadow_enabled = true

[node name="DirectionalLight3D2" type="DirectionalLight3D" parent="."]
transform = Transform3D(-0.478612, 0.812579, 0.332634, 0.543207, 0.57167, -0.614914, -0.689823, -0.113616, -0.715007, 0, 5.97089, 13.4518)
light_color = Color(1, 0.862745, 1, 1)
light_energy = 0.1
light_volumetric_fog_energy = 0.0
light_bake_mode = 1
shadow_enabled = true

[node name="ArcturusPlanet" parent="." instance=ExtResource("5_p5xwx")]
transform = Transform3D(-0.148425, 0.978635, 0.142282, 0.984732, 0.159492, -0.0697564, -0.0909589, 0.129756, -0.987365, 108.608, -2022.91, 700)

[node name="Player" parent="." instance=ExtResource("3_isfg4")]
transform = Transform3D(0.999985, 0, 0, 0, 0.999999, 0, 0, 0, 0.999985, -0.000929981, -0.00058645, -0.000996264)
